+------------------------+----------------+------------------+--------------------+------------+-------------+-------------+-------------+
| country_name           | country_code   |            y_pop |             x1_gdp |   x2_urban |   x3_energy |   x4_health |   x5_income |
+========================+================+==================+====================+============+=============+=============+=============+
| Albania                | ALB            |      2.4141e+06  |     23,491,242,727 |      58.21 |     2888.87 |        7.05 |        8730 |
+------------------------+----------------+------------------+--------------------+------------+-------------+-------------+-------------+
| Algeria                | DZA            |      4.61642e+07 |    247,923,887,215 |      74.73 |     1827.95 |        4.35 |        4950 |
+------------------------+----------------+------------------+--------------------+------------+-------------+-------------+-------------+
| Argentina              | ARG            |      4.55384e+07 |    649,461,687,959 |      92.19 |     2821.77 |       10.27 |       12920 |
+------------------------+----------------+------------------+--------------------+------------+-------------+-------------+-------------+
| Australia              | AUS            |      2.66599e+07 |  1,734,451,264,656 |      87.49 |     9819.87 |       10.4  |       63320 |
+------------------------+----------------+------------------+--------------------+------------+-------------+-------------+-------------+
| Austria                | AUT            |      9.13176e+06 |    516,670,509,629 |      69.23 |     7806.05 |       11.15 |       55890 |
+------------------------+----------------+------------------+--------------------+------------+-------------+-------------+-------------+
| Azerbaijan             | AZE            |      1.0154e+07  |     72,428,470,588 |      58.51 |     2366.96 |        4.27 |        6680 |
+------------------------+----------------+------------------+--------------------+------------+-------------+-------------+-------------+
| Bahrain                | BHR            |      1.57706e+06 |     46,192,260,638 |     100    |        0    |        4    |       28460 |
+------------------------+----------------+------------------+--------------------+------------+-------------+-------------+-------------+
| Belgium                | BEL            |      1.17799e+07 |    651,330,595,110 |      87.55 |     6931.7  |       10.8  |       55520 |
+------------------------+----------------+------------------+--------------------+------------+-------------+-------------+-------------+
| Bosnia and Herzegovina | BIH            |      3.18507e+06 |     27,592,361,498 |      51.57 |     3676.52 |        8.92 |        8280 |
+------------------------+----------------+------------------+--------------------+------------+-------------+-------------+-------------+
| Brazil                 | BRA            |      2.11141e+08 |  2,191,131,869,706 |      87.62 |     2916.49 |        9.73 |        9310 |
+------------------------+----------------+------------------+--------------------+------------+-------------+-------------+-------------+
| Bulgaria               | BGR            |      6.4466e+06  |    102,199,231,385 |      73.73 |     5360.5  |        7.92 |       14240 |
+------------------------+----------------+------------------+--------------------+------------+-------------+-------------+-------------+
| Canada                 | CAN            |      4.00835e+07 |  2,173,339,670,064 |      82.53 |    14459.9  |       11.19 |       54660 |
+------------------------+----------------+------------------+--------------------+------------+-------------+-------------+-------------+
| Chile                  | CHL            |      1.96588e+07 |    335,518,054,098 |      88.82 |     4322.99 |       10.17 |       15950 |
+------------------------+----------------+------------------+--------------------+------------+-------------+-------------+-------------+
| China                  | CHN            |      1.41071e+09 | 18,270,356,654,533 |      65.53 |     6523.72 |        5.94 |       13750 |
+------------------------+----------------+------------------+--------------------+------------+-------------+-------------+-------------+
| Colombia               | COL            |      5.23212e+07 |    366,291,836,138 |      78.28 |     1552.83 |        8.16 |        6720 |
+------------------------+----------------+------------------+--------------------+------------+-------------+-------------+-------------+
| Costa Rica             | CRI            |      5.10552e+06 |     86,497,941,439 |      78.88 |     2206.04 |        6.87 |       14260 |
+------------------------+----------------+------------------+--------------------+------------+-------------+-------------+-------------+
| Croatia                | HRV            |      3.85969e+06 |     85,624,153,964 |      57.24 |     4484.04 |        7.15 |       20750 |
+------------------------+----------------+------------------+--------------------+------------+-------------+-------------+-------------+
| Cyprus                 | CYP            |      1.34498e+06 |     35,075,423,857 |      66.67 |     3841.7  |        8.12 |       32340 |
+------------------------+----------------+------------------+--------------------+------------+-------------+-------------+-------------+
| Czechia                | CZE            |      1.0864e+07  |    345,059,295,660 |      72.74 |     5965.37 |        8.43 |       28540 |
+------------------------+----------------+------------------+--------------------+------------+-------------+-------------+-------------+
| Denmark                | DNK            |      5.94695e+06 |    404,651,706,118 |      88.55 |     5878.14 |        9.56 |       72080 |
+------------------------+----------------+------------------+--------------------+------------+-------------+-------------+-------------+
| Egypt, Arab Rep.       | EGY            |      1.14536e+08 |    395,926,075,163 |      42.71 |     1492.9  |        4.88 |        3840 |
+------------------------+----------------+------------------+--------------------+------------+-------------+-------------+-------------+
| Estonia                | EST            |      1.37029e+06 |     41,470,344,395 |      70.68 |     5722.16 |        7.47 |       27650 |
+------------------------+----------------+------------------+--------------------+------------+-------------+-------------+-------------+
| Finland                | FIN            |      5.58391e+06 |    295,021,982,463 |      74.01 |    14391.4  |       10.47 |       52990 |
+------------------------+----------------+------------------+--------------------+------------+-------------+-------------+-------------+
| France                 | FRA            |      6.83723e+07 |  3,056,250,648,138 |      78.78 |     6415.03 |       11.52 |       45770 |
+------------------------+----------------+------------------+--------------------+------------+-------------+-------------+-------------+
| Georgia                | GEO            |      3.71548e+06 |     30,777,833,601 |      60.75 |     3382.33 |        6.86 |        6710 |
+------------------------+----------------+------------------+--------------------+------------+-------------+-------------+-------------+
| Germany                | DEU            |      8.32873e+07 |  4,562,207,532,490 |      81.9  |     5947.27 |       11.74 |       55420 |
+------------------------+----------------+------------------+--------------------+------------+-------------+-------------+-------------+
| Greece                 | GRC            |      1.04074e+07 |    242,946,187,738 |      78.77 |     4693.51 |        8.39 |       22300 |
+------------------------+----------------+------------------+--------------------+------------+-------------+-------------+-------------+
| Honduras               | HND            |      1.06449e+07 |     34,355,805,528 |      58.31 |      752.1  |        7.71 |        2880 |
+------------------------+----------------+------------------+--------------------+------------+-------------+-------------+-------------+
| Hungary                | HUN            |      9.59219e+06 |    213,240,316,635 |      70.29 |     4604.58 |        6.37 |       19840 |
+------------------------+----------------+------------------+--------------------+------------+-------------+-------------+-------------+
| Iceland                | ISL            | 385663           |     31,677,891,897 |      94.15 |    50951.2  |        8.71 |       82630 |
+------------------------+----------------+------------------+--------------------+------------+-------------+-------------+-------------+
| India                  | IND            |      1.43807e+09 |  3,638,489,096,034 |      35.07 |     1181.63 |        3.34 |        2580 |
+------------------------+----------------+------------------+--------------------+------------+-------------+-------------+-------------+
| Indonesia              | IDN            |      2.8119e+08  |  1,371,169,301,564 |      58.12 |     1445.21 |        2.7  |        4810 |
+------------------------+----------------+------------------+--------------------+------------+-------------+-------------+-------------+
| Ireland                | IRL            |      5.31154e+06 |    567,372,737,459 |      64.12 |     6144.74 |        6.58 |       79280 |
+------------------------+----------------+------------------+--------------------+------------+-------------+-------------+-------------+
| Israel                 | ISR            |      9.849e+06   |    512,184,638,999 |      91.51 |     6772.06 |        7.1  |       54280 |
+------------------------+----------------+------------------+--------------------+------------+-------------+-------------+-------------+
| Italy                  | ITA            |      5.89842e+07 |  2,316,727,999,333 |      69.54 |     5047.47 |        8.41 |       38770 |
+------------------------+----------------+------------------+--------------------+------------+-------------+-------------+-------------+
| Japan                  | JPN            |      1.24517e+08 |  4,213,167,237,906 |      92.08 |     7655.02 |       10.74 |       39360 |
+------------------------+----------------+------------------+--------------------+------------+-------------+-------------+-------------+
| Kazakhstan             | KAZ            |      2.03301e+07 |    261,840,101,060 |      61.76 |     5145.57 |        3.77 |       10690 |
+------------------------+----------------+------------------+--------------------+------------+-------------+-------------+-------------+
| Kenya                  | KEN            |      5.5339e+07  |    107,500,884,685 |      31.63 |      190.08 |        4.35 |        2110 |
+------------------------+----------------+------------------+--------------------+------------+-------------+-------------+-------------+
| Korea, Rep.            | KOR            |      5.17126e+07 |  1,844,800,934,392 |      81.16 |    11426.1  |        8.57 |       38020 |
+------------------------+----------------+------------------+--------------------+------------+-------------+-------------+-------------+
| Latvia                 | LVA            |      1.88371e+06 |     42,779,550,937 |      68.36 |     3616.8  |        7.28 |       21000 |
+------------------------+----------------+------------------+--------------------+------------+-------------+-------------+-------------+
| Lithuania              | LTU            |      2.87158e+06 |     79,789,877,416 |      68.58 |     4202.91 |        7.32 |       25460 |
+------------------------+----------------+------------------+--------------------+------------+-------------+-------------+-------------+
| Luxembourg             | LUX            | 666430           |     88,788,881,539 |      94.8  |    11428.1  |        5.79 |       88480 |
+------------------------+----------------+------------------+--------------------+------------+-------------+-------------+-------------+
| Malta                  | MLT            | 552747           |     22,610,561,526 |      95.63 |     5042.09 |        8.84 |       35720 |
+------------------------+----------------+------------------+--------------------+------------+-------------+-------------+-------------+
| Mauritius              | MUS            |      1.24865e+06 |     14,072,212,290 |      39    |     2465.07 |        5.57 |       12570 |
+------------------------+----------------+------------------+--------------------+------------+-------------+-------------+-------------+
| Mexico                 | MEX            |      1.2974e+08  |  1,798,317,581,487 |      79.47 |     2608.52 |        5.5  |       12020 |
+------------------------+----------------+------------------+--------------------+------------+-------------+-------------+-------------+
| Moldova                | MDA            |      2.45778e+06 |     16,711,906,746 |      43    |     2411.52 |        6.74 |        6250 |
+------------------------+----------------+------------------+--------------------+------------+-------------+-------------+-------------+
| Montenegro             | MNE            | 623529           |      7,644,389,160 |      65.47 |     4564.34 |        9.65 |       11550 |
+------------------------+----------------+------------------+--------------------+------------+-------------+-------------+-------------+
| Morocco                | MAR            |      3.77125e+07 |    146,036,093,667 |      62.67 |      997.26 |        6.06 |        3780 |
+------------------------+----------------+------------------+--------------------+------------+-------------+-------------+-------------+
| Netherlands            | NLD            |      1.78771e+07 |  1,135,475,867,551 |      95.32 |     6189.09 |        9.83 |       62550 |
+------------------------+----------------+------------------+--------------------+------------+-------------+-------------+-------------+
| New Zealand            | NZL            |      5.2e+06     |    255,194,972,673 |      83.89 |     8021.15 |       10.13 |       49020 |
+------------------------+----------------+------------------+--------------------+------------+-------------+-------------+-------------+
| North Macedonia        | MKD            |      1.82782e+06 |     15,855,131,189 |      62.25 |     3320.36 |        7.43 |        7940 |
+------------------------+----------------+------------------+--------------------+------------+-------------+-------------+-------------+
| Norway                 | NOR            |      5.5196e+06  |    482,949,731,777 |      83.07 |    23520.2  |        9.43 |      101640 |
+------------------------+----------------+------------------+--------------------+------------+-------------+-------------+-------------+
| Paraguay               | PRY            |      6.84415e+06 |     43,118,053,175 |      69.35 |     2388.61 |        8.36 |        6210 |
+------------------------+----------------+------------------+--------------------+------------+-------------+-------------+-------------+
| Poland                 | POL            |      3.66874e+07 |    812,451,193,396 |      59.89 |     4381.86 |        7.14 |       19890 |
+------------------------+----------------+------------------+--------------------+------------+-------------+-------------+-------------+
| Portugal               | PRT            |      1.05782e+07 |    292,323,800,949 |      61.2  |     5146.26 |       10.03 |       26340 |
+------------------------+----------------+------------------+--------------------+------------+-------------+-------------+-------------+
| Romania                | ROU            |      1.90611e+07 |    347,757,995,759 |      52.16 |     2585.27 |        5.71 |       16590 |
+------------------------+----------------+------------------+--------------------+------------+-------------+-------------+-------------+
| Senegal                | SEN            |      1.80776e+07 |     30,696,331,296 |      54.7  |      410.18 |        4.32 |        1630 |
+------------------------+----------------+------------------+--------------------+------------+-------------+-------------+-------------+
| Serbia                 | SRB            |      6.62318e+06 |     81,343,999,280 |      62.14 |     5089.55 |        8.03 |       10750 |
+------------------------+----------------+------------------+--------------------+------------+-------------+-------------+-------------+
| Singapore              | SGP            |      5.91765e+06 |    505,439,514,078 |     100    |     9750.5  |        4.49 |       69850 |
+------------------------+----------------+------------------+--------------------+------------+-------------+-------------+-------------+
| Slovak Republic        | SVK            |      5.42674e+06 |    133,578,518,424 |      53.19 |     4673.89 |        7.35 |       22710 |
+------------------------+----------------+------------------+--------------------+------------+-------------+-------------+-------------+
| Slovenia               | SVN            |      2.12046e+06 |     69,255,264,238 |      55.54 |     6418.42 |        9.3  |       31020 |
+------------------------+----------------+------------------+--------------------+------------+-------------+-------------+-------------+
| South Africa           | ZAF            |      6.32124e+07 |    381,440,724,491 |      63.58 |     3247.15 |        8.91 |        6490 |
+------------------------+----------------+------------------+--------------------+------------+-------------+-------------+-------------+
| Spain                  | ESP            |      4.83525e+07 |  1,619,481,980,720 |      80.13 |     5117.83 |        9.22 |       32980 |
+------------------------+----------------+------------------+--------------------+------------+-------------+-------------+-------------+
| Suriname               | SUR            | 628886           |      3,472,693,412 |      65.76 |     2897.19 |        5.41 |        5210 |
+------------------------+----------------+------------------+--------------------+------------+-------------+-------------+-------------+
| Sweden                 | SWE            |      1.05366e+07 |    578,990,915,246 |      88.63 |    12149.5  |       11.15 |       60300 |
+------------------------+----------------+------------------+--------------------+------------+-------------+-------------+-------------+
| Switzerland            | CHE            |      8.88882e+06 |    894,424,821,645 |      85.19 |     7096.33 |       11.69 |       95740 |
+------------------------+----------------+------------------+--------------------+------------+-------------+-------------+-------------+
| Thailand               | THA            |      7.17024e+07 |    515,906,283,941 |      60.93 |     2965.21 |        4.54 |        7190 |
+------------------------+----------------+------------------+--------------------+------------+-------------+-------------+-------------+
| Turkiye                | TUR            |      8.5326e+07  |  1,141,242,864,657 |      89.02 |     3581.25 |        4.28 |       11980 |
+------------------------+----------------+------------------+--------------------+------------+-------------+-------------+-------------+
| United Kingdom         | GBR            |      6.8492e+07  |  3,420,796,653,789 |      83.16 |     4207.95 |       10.99 |       48830 |
+------------------------+----------------+------------------+--------------------+------------+-------------+-------------+-------------+
| United States          | USA            |      3.36806e+08 | 27,292,170,793,214 |      80.07 |    12551.2  |       16.69 |       80000 |
+------------------------+----------------+------------------+--------------------+------------+-------------+-------------+-------------+